   0.0000000e+00   0.0000000e+00
   1.0204082e-02   3.3616998e-02
   2.0408163e-02   2.8654369e-02
   3.0612245e-02   2.2860892e-02
   4.0816327e-02   1.6655765e-02
   5.1020408e-02   1.0551696e-02
   6.1224490e-02   5.1794577e-03
   7.1428571e-02   1.3992259e-03
   8.1632653e-02   0.0000000e+00
   9.1836735e-02   1.1866861e-03
   1.0204082e-01   5.1531213e-03
   1.1224490e-01   1.2092576e-02
   1.2244898e-01   2.2168114e-02
   1.3265306e-01   3.5476179e-02
   1.4285714e-01   5.2007306e-02
   1.5306122e-01   7.1472066e-02
   1.6326531e-01   9.1480062e-02
   1.7346939e-01   1.1038944e-01
   1.8367347e-01   1.2732999e-01
   1.9387755e-01   1.4170670e-01
   2.0408163e-01   1.5314472e-01
   2.1428571e-01   1.6142517e-01
   2.2448980e-01   1.6643017e-01
   2.3469388e-01   1.6810390e-01
   2.4489796e-01   1.6769010e-01
   2.5510204e-01   1.6647900e-01
   2.6530612e-01   1.6456047e-01
   2.7551020e-01   1.6208072e-01
   2.8571429e-01   1.5923686e-01
   2.9591837e-01   1.5626933e-01
   3.0612245e-01   1.5345261e-01
   3.1632653e-01   1.5108498e-01
   3.2653061e-01   1.4950680e-01
   3.3673469e-01   1.4894951e-01
   3.4693878e-01   1.4936728e-01
   3.5714286e-01   1.5070925e-01
   3.6734694e-01   1.5293438e-01
   3.7755102e-01   1.5601201e-01
   3.8775510e-01   1.5992268e-01
   3.9795918e-01   1.6465917e-01
   4.0816327e-01   1.7018827e-01
   4.1836735e-01   1.7592572e-01
   4.2857143e-01   1.8148184e-01
   4.3877551e-01   1.8662943e-01
   4.4897959e-01   1.9116345e-01
   4.5918367e-01   1.9490229e-01
   4.6938776e-01   1.9769266e-01
   4.7959184e-01   1.9941677e-01
   4.8979592e-01   2.0000000e-01
   5.0000000e-01   1.9826149e-01
   5.1020408e-01   1.9311261e-01
   5.2040816e-01   1.8474604e-01
   5.3061224e-01   1.7346417e-01
   5.4081633e-01   1.5966698e-01
   5.5102041e-01   1.4385886e-01
   5.6122449e-01   1.2668600e-01
   5.7142857e-01   1.0901046e-01
   5.8163265e-01   9.2415791e-02
   5.9183673e-01   7.9159118e-02
   6.0204082e-01   6.9745913e-02
   6.1224490e-01   6.4491951e-02
   6.2244898e-01   6.3582083e-02
   6.3265306e-01   6.7039758e-02
   6.4285714e-01   7.4740374e-02
   6.5306122e-01   8.6465415e-02
   6.6326531e-01   1.0186835e-01
   6.7346939e-01   1.1893255e-01
   6.8367347e-01   1.3612619e-01
   6.9387755e-01   1.5253045e-01
   7.0408163e-01   1.6736690e-01
   7.1428571e-01   1.7992227e-01
   7.2448980e-01   1.8952343e-01
   7.3469388e-01   1.9557344e-01
   7.4489796e-01   1.9764297e-01
   7.5510204e-01   1.9655262e-01
   7.6530612e-01   1.9336767e-01
   7.7551020e-01   1.8832618e-01
   7.8571429e-01   1.8176897e-01
   7.9591837e-01   1.7408656e-01
   8.0612245e-01   1.6568161e-01
   8.1632653e-01   1.5695290e-01
   8.2653061e-01   1.4829811e-01
   8.3673469e-01   1.4032288e-01
   8.4693878e-01   1.3383976e-01
   8.5714286e-01   1.2884161e-01
   8.6734694e-01   1.2531058e-01
   8.7755102e-01   1.2326601e-01
   8.8775510e-01   1.2275755e-01
   8.9795918e-01   1.2386025e-01
   9.0816327e-01   1.2667034e-01
   9.1836735e-01   1.3126339e-01
   9.2857143e-01   1.3707656e-01
   9.3877551e-01   1.4345834e-01
   9.4897959e-01   1.4987765e-01
   9.5918367e-01   1.5584810e-01
   9.6938776e-01   1.6094882e-01
   9.7959184e-01   1.6484044e-01
   9.8979592e-01   1.6727548e-01
   1.0000000e+00   1.6810390e-01
