   0.0000000e+00   0.0000000e+00
   1.0204082e-02  -5.1235145e-01
   2.0408163e-02  -5.1924128e-01
   3.0612245e-02  -5.2705189e-01
   4.0816327e-02  -5.3501588e-01
   5.1020408e-02  -5.4218496e-01
   6.1224490e-02  -5.4739376e-01
   7.1428571e-02  -5.4921349e-01
   8.1632653e-02  -5.4669352e-01
   9.1836735e-02  -5.3957889e-01
   1.0204082e-01  -5.2763213e-01
   1.1224490e-01  -5.1063925e-01
   1.2244898e-01  -4.8845104e-01
   1.3265306e-01  -4.6103495e-01
   1.4285714e-01  -4.2853594e-01
   1.5306122e-01  -3.9160218e-01
   1.6326531e-01  -3.5468732e-01
   1.7346939e-01  -3.2060389e-01
   1.8367347e-01  -2.9070172e-01
   1.9387755e-01  -2.6581514e-01
   2.0408163e-01  -2.4636455e-01
   2.1428571e-01  -2.3249357e-01
   2.2448980e-01  -2.2420108e-01
   2.3469388e-01  -2.2144405e-01
   2.4489796e-01  -2.2413665e-01
   2.5510204e-01  -2.3218417e-01
   2.6530612e-01  -2.4549963e-01
   2.7551020e-01  -2.6395078e-01
   2.8571429e-01  -2.8737902e-01
   2.9591837e-01  -3.1562559e-01
   3.0612245e-01  -3.4856443e-01
   3.1632653e-01  -3.8614126e-01
   3.2653061e-01  -4.2731553e-01
   3.3673469e-01  -4.6871604e-01
   3.4693878e-01  -5.1034438e-01
   3.5714286e-01  -5.5248421e-01
   3.6734694e-01  -5.9542954e-01
   3.7755102e-01  -6.3949122e-01
   3.8775510e-01  -6.8500485e-01
   3.9795918e-01  -7.3234071e-01
   4.0816327e-01  -7.8157752e-01
   4.1836735e-01  -8.2848970e-01
   4.2857143e-01  -8.7124251e-01
   4.3877551e-01  -9.0917915e-01
   4.4897959e-01  -9.4158062e-01
   4.5918367e-01  -9.6772376e-01
   4.6938776e-01  -9.8694630e-01
   4.7959184e-01  -9.9871325e-01
   4.8979592e-01  -1.0026760e+00
   5.0000000e-01  -9.9899376e-01
   5.1020408e-01  -9.8807510e-01
   5.2040816e-01  -9.7023418e-01
   5.3061224e-01  -9.4576788e-01
   5.4081633e-01  -9.1461611e-01
   5.5102041e-01  -8.7583480e-01
   5.6122449e-01  -8.2672132e-01
   5.7142857e-01  -7.6122800e-01
   5.8163265e-01  -6.6978861e-01
   5.9183673e-01  -5.4490604e-01
   6.0204082e-01  -3.7133019e-01
   6.1224490e-01  -1.3750069e-01
   6.2244898e-01   1.4555192e-01
   6.3265306e-01   4.3370777e-01
   6.4285714e-01   6.8114112e-01
   6.5306122e-01   8.7423196e-01
   6.6326531e-01   1.0224772e+00
   6.7346939e-01   1.1322363e+00
   6.8367347e-01   1.2165577e+00
   6.9387755e-01   1.2843358e+00
   7.0408163e-01   1.3395904e+00
   7.1428571e-01   1.3836141e+00
   7.2448980e-01   1.4161779e+00
   7.3469388e-01   1.4363528e+00
   7.4489796e-01   1.4432061e+00
   7.5510204e-01   1.4356407e+00
   7.6530612e-01   1.4133284e+00
   7.7551020e-01   1.3773387e+00
   7.8571429e-01   1.3292239e+00
   7.9591837e-01   1.2707836e+00
   8.0612245e-01   1.2038648e+00
   8.1632653e-01   1.1302165e+00
   8.2653061e-01   1.0513873e+00
   8.3673469e-01   9.7073284e-01
   8.4693878e-01   8.9507324e-01
   8.5714286e-01   8.2394811e-01
   8.6734694e-01   7.5649216e-01
   8.7755102e-01   6.9195377e-01
   8.8775510e-01   6.2966549e-01
   8.9795918e-01   5.6902320e-01
   9.0816327e-01   5.0947129e-01
   9.1836735e-01   4.5088502e-01
   9.2857143e-01   3.9789438e-01
   9.3877551e-01   3.5177321e-01
   9.4897959e-01   3.1244779e-01
   9.5918367e-01   2.7998365e-01
   9.6938776e-01   2.5451453e-01
   9.7959184e-01   2.3618974e-01
   9.8979592e-01   2.2513786e-01
   1.0000000e+00   2.2144403e-01
