   0.0000000e+00  -1.5707963e+00
   1.0204082e-02   2.3800649e-02
   2.0408163e-02   4.0698728e-02
   3.0612245e-02   6.0425895e-02
   4.0816327e-02   8.1554760e-02
   5.1020408e-02   1.0233951e-01
   6.1224490e-02   1.2063234e-01
   7.1428571e-02   1.3350427e-01
   8.1632653e-02   1.3826873e-01
   9.1836735e-02   1.3422799e-01
   1.0204082e-01   1.2072201e-01
   1.1224490e-01   9.7092717e-02
   1.2244898e-01   6.2784850e-02
   1.3265306e-01   1.7470017e-02
   1.4285714e-01  -3.8819554e-02
   1.5306122e-01  -1.0509834e-01
   1.6326531e-01  -1.7322688e-01
   1.7346939e-01  -2.3761455e-01
   1.8367347e-01  -2.9529823e-01
   1.9387755e-01  -3.4425186e-01
   2.0408163e-01  -3.8319907e-01
   2.1428571e-01  -4.1139455e-01
   2.2448980e-01  -4.2843690e-01
   2.3469388e-01  -4.3413607e-01
   2.4489796e-01  -4.3272704e-01
   2.5510204e-01  -4.2860318e-01
   2.6530612e-01  -4.2207047e-01
   2.7551020e-01  -4.1362675e-01
   2.8571429e-01  -4.0394321e-01
   2.9591837e-01  -3.9383858e-01
   3.0612245e-01  -3.8424746e-01
   3.1632653e-01  -3.7618553e-01
   3.2653061e-01  -3.7081173e-01
   3.3673469e-01  -3.6891412e-01
   3.4693878e-01  -3.7033665e-01
   3.5714286e-01  -3.7490615e-01
   3.6734694e-01  -3.8248284e-01
   3.7755102e-01  -3.9296238e-01
   3.8775510e-01  -4.0627847e-01
   3.9795918e-01  -4.2240655e-01
   4.0816327e-01  -4.4123348e-01
   4.1836735e-01  -4.6076987e-01
   4.2857143e-01  -4.7968884e-01
   4.3877551e-01  -4.9721670e-01
   4.4897959e-01  -5.1265533e-01
   4.5918367e-01  -5.2538635e-01
   4.6938776e-01  -5.3488774e-01
   4.7959184e-01  -5.4075843e-01
   4.8979592e-01  -5.4274438e-01
   5.0000000e-01  -5.3682464e-01
   5.1020408e-01  -5.1929237e-01
   5.2040816e-01  -4.9080363e-01
   5.3061224e-01  -4.5238812e-01
   5.4081633e-01  -4.0540781e-01
   5.5102041e-01  -3.5158011e-01
   5.6122449e-01  -2.9310541e-01
   5.7142857e-01  -2.3291902e-01
   5.8163265e-01  -1.7641309e-01
   5.9183673e-01  -1.3127325e-01
   6.0204082e-01  -9.9220674e-02
   6.1224490e-01  -8.1330589e-02
   6.2244898e-01  -7.8232429e-02
   6.3265306e-01  -9.0006037e-02
   6.4285714e-01  -1.1622714e-01
   6.5306122e-01  -1.5615167e-01
   6.6326531e-01  -2.0859968e-01
   6.7346939e-01  -2.6670438e-01
   6.8367347e-01  -3.2524985e-01
   6.9387755e-01  -3.8110745e-01
   7.0408163e-01  -4.3162652e-01
   7.1428571e-01  -4.7437840e-01
   7.2448980e-01  -5.0707096e-01
   7.3469388e-01  -5.2767167e-01
   7.4489796e-01  -5.3471853e-01
   7.5510204e-01  -5.3100581e-01
   7.6530612e-01  -5.2016087e-01
   7.7551020e-01  -5.0299426e-01
   7.8571429e-01  -4.8066651e-01
   7.9591837e-01  -4.5450741e-01
   8.0612245e-01  -4.2588800e-01
   8.1632653e-01  -3.9616617e-01
   8.2653061e-01  -3.6669606e-01
   8.3673469e-01  -3.3953986e-01
   8.4693878e-01  -3.1746442e-01
   8.5714286e-01  -3.0044539e-01
   8.6734694e-01  -2.8842200e-01
   8.7755102e-01  -2.8146012e-01
   8.8775510e-01  -2.7972878e-01
   8.9795918e-01  -2.8348355e-01
   9.0816327e-01  -2.9305207e-01
   9.1836735e-01  -3.0869172e-01
   9.2857143e-01  -3.2848594e-01
   9.3877551e-01  -3.5021632e-01
   9.4897959e-01  -3.7207448e-01
   9.5918367e-01  -3.9240426e-01
   9.6938776e-01  -4.0977255e-01
   9.7959184e-01  -4.2302377e-01
   9.8979592e-01  -4.3131524e-01
   1.0000000e+00  -4.3413606e-01
