   0.0000000e+00   0.0000000e+00
   1.0204082e-02  -6.2435734e-02
   2.0408163e-02  -1.0889759e-01
   3.0612245e-02  -1.6617321e-01
   4.0816327e-02  -2.3272159e-01
   5.1020408e-02  -3.0686815e-01
   6.1224490e-02  -3.8680514e-01
   7.1428571e-02  -4.6843240e-01
   8.1632653e-02  -5.4381488e-01
   9.1836735e-02  -6.1237520e-01
   1.0204082e-01  -6.7392079e-01
   1.1224490e-01  -7.2810450e-01
   1.2244898e-01  -7.7445877e-01
   1.3265306e-01  -8.1243913e-01
   1.4285714e-01  -8.4148094e-01
   1.5306122e-01  -8.6096975e-01
   1.6326531e-01  -8.7024421e-01
   1.7346939e-01  -8.7169792e-01
   1.8367347e-01  -8.6813213e-01
   1.9387755e-01  -8.6196778e-01
   2.0408163e-01  -8.5517886e-01
   2.1428571e-01  -8.4927622e-01
   2.2448980e-01  -8.4531838e-01
   2.3469388e-01  -8.4393029e-01
   2.4489796e-01  -8.4171695e-01
   2.5510204e-01  -8.3501548e-01
   2.6530612e-01  -8.2364374e-01
   2.7551020e-01  -8.0730517e-01
   2.8571429e-01  -7.8559820e-01
   2.9591837e-01  -7.5802738e-01
   3.0612245e-01  -7.2401374e-01
   3.1632653e-01  -6.8290134e-01
   3.2653061e-01  -6.3526721e-01
   3.3673469e-01  -5.8496424e-01
   3.4693878e-01  -5.3231901e-01
   3.5714286e-01  -4.7731263e-01
   3.6734694e-01  -4.1989008e-01
   3.7755102e-01  -3.5995642e-01
   3.8775510e-01  -2.9737119e-01
   3.9795918e-01  -2.3194002e-01
   4.0816327e-01  -1.6387029e-01
   4.1836735e-01  -9.9269197e-02
   4.2857143e-01  -4.0772536e-02
   4.3877551e-01   1.0752202e-02
   4.4897959e-01   5.4439800e-02
   4.5918367e-01   8.9462896e-02
   4.6938776e-01   1.1508310e-01
   4.7959184e-01   1.3071107e-01
   4.8979592e-01   1.3596461e-01
   5.0000000e-01   1.2853194e-01
   5.1020408e-01   1.0671857e-01
   5.2040816e-01   7.1920027e-02
   5.3061224e-01   2.6297865e-02
   5.4081633e-01  -2.7381581e-02
   5.5102041e-01  -8.5856410e-02
   5.6122449e-01  -1.4538927e-01
   5.7142857e-01  -2.0169892e-01
   5.8163265e-01  -2.4878858e-01
   5.9183673e-01  -2.8035183e-01
   6.0204082e-01  -2.9600746e-01
   6.1224490e-01  -2.9572007e-01
   6.2244898e-01  -2.7949046e-01
   6.3265306e-01  -2.4735462e-01
   6.4285714e-01  -1.9932186e-01
   6.5306122e-01  -1.3525247e-01
   6.6326531e-01  -5.5260160e-02
   6.7346939e-01   3.2183440e-02
   6.8367347e-01   1.2069792e-01
   6.9387755e-01   2.0617662e-01
   7.0408163e-01   2.8460027e-01
   7.1428571e-01   3.5188282e-01
   7.2448980e-01   4.0392772e-01
   7.3469388e-01   4.3699286e-01
   7.4489796e-01   4.4835175e-01
   7.5510204e-01   4.3946276e-01
   7.6530612e-01   4.1330097e-01
   7.7551020e-01   3.7124915e-01
   7.8571429e-01   3.1524455e-01
   7.9591837e-01   2.4742347e-01
   8.0612245e-01   1.6985595e-01
   8.1632653e-01   8.4407294e-02
   8.2653061e-01  -7.2957766e-03
   8.3673469e-01  -1.0139758e-01
   8.4693878e-01  -1.8975133e-01
   8.5714286e-01  -2.7253357e-01
   8.6734694e-01  -3.5031456e-01
   8.7755102e-01  -4.2347573e-01
   8.8775510e-01  -4.9225366e-01
   8.9795918e-01  -5.5676733e-01
   9.0816327e-01  -6.1703551e-01
   9.1836735e-01  -6.7262991e-01
   9.2857143e-01  -7.1920288e-01
   9.3877551e-01  -7.5652040e-01
   9.4897959e-01  -7.8578832e-01
   9.5918367e-01  -8.0809493e-01
   9.6938776e-01  -8.2438756e-01
   9.7959184e-01  -8.3544291e-01
   9.8979592e-01  -8.4183850e-01
   1.0000000e+00  -8.4393029e-01
