   0.0000000e+00   0.0000000e+00
   1.0204082e-02  -4.4330411e-02
   2.0408163e-02  -7.8572327e-02
   3.0612245e-02  -1.2242885e-01
   4.0816327e-02  -1.7596027e-01
   5.1020408e-02  -2.3939136e-01
   6.1224490e-02  -3.1314516e-01
   7.1428571e-02  -3.9561586e-01
   8.1632653e-02  -4.8006160e-01
   9.1836735e-02  -5.6608829e-01
   1.0204082e-01  -6.5368275e-01
   1.1224490e-01  -7.4262859e-01
   1.2244898e-01  -8.3245993e-01
   1.3265306e-01  -9.2241290e-01
   1.4285714e-01  -1.0113930e+00
   1.5306122e-01  -1.0974181e+00
   1.6326531e-01  -1.1719658e+00
   1.7346939e-01  -1.2329383e+00
   1.8367347e-01  -1.2812667e+00
   1.9387755e-01  -1.3182612e+00
   2.0408163e-01  -1.3453129e+00
   2.1428571e-01  -1.3636669e+00
   2.2448980e-01  -1.3742813e+00
   2.3469388e-01  -1.3777522e+00
   2.4489796e-01  -1.3752676e+00
   2.5510204e-01  -1.3678343e+00
   2.6530612e-01  -1.3555150e+00
   2.7551020e-01  -1.3384184e+00
   2.8571429e-01  -1.3167030e+00
   2.9591837e-01  -1.2905794e+00
   3.0612245e-01  -1.2603088e+00
   3.1632653e-01  -1.2261967e+00
   3.2653061e-01  -1.1895521e+00
   3.3673469e-01  -1.1537029e+00
   3.4693878e-01  -1.1188665e+00
   3.5714286e-01  -1.0850079e+00
   3.6734694e-01  -1.0520938e+00
   3.7755102e-01  -1.0200963e+00
   3.8775510e-01  -9.8899567e-01
   3.9795918e-01  -9.5878343e-01
   4.0816327e-01  -9.2965840e-01
   4.1836735e-01  -9.0405254e-01
   4.2857143e-01  -8.8248987e-01
   4.3877551e-01  -8.6472752e-01
   4.4897959e-01  -8.5054535e-01
   4.5918367e-01  -8.3974695e-01
   4.6938776e-01  -8.3216528e-01
   4.7959184e-01  -8.2767121e-01
   4.8979592e-01  -8.2618260e-01
   5.0000000e-01  -8.2375718e-01
   5.1020408e-01  -8.1633221e-01
   5.2040816e-01  -8.0345624e-01
   5.3061224e-01  -7.8436240e-01
   5.4081633e-01  -7.5796056e-01
   5.5102041e-01  -7.2286574e-01
   5.6122449e-01  -6.7753556e-01
   5.7142857e-01  -6.2067996e-01
   5.8163265e-01  -5.5410838e-01
   5.9183673e-01  -4.8686331e-01
   6.0204082e-01  -4.2594193e-01
   6.1224490e-01  -3.8082665e-01
   6.2244898e-01  -3.6172074e-01
   6.3265306e-01  -3.7338617e-01
   6.4285714e-01  -4.1095026e-01
   6.5306122e-01  -4.6429491e-01
   6.6326531e-01  -5.2400198e-01
   6.7346939e-01  -5.7906065e-01
   6.8367347e-01  -6.2561178e-01
   6.9387755e-01  -6.6358219e-01
   7.0408163e-01  -6.9359086e-01
   7.1428571e-01  -7.1631691e-01
   7.2448980e-01  -7.3227208e-01
   7.3469388e-01  -7.4175752e-01
   7.4489796e-01  -7.4490782e-01
   7.5510204e-01  -7.4562881e-01
   7.6530612e-01  -7.4794030e-01
   7.7551020e-01  -7.5225689e-01
   7.8571429e-01  -7.5918201e-01
   7.9591837e-01  -7.6941827e-01
   8.0612245e-01  -7.8369407e-01
   8.1632653e-01  -8.0271875e-01
   8.2653061e-01  -8.2716634e-01
   8.3673469e-01  -8.5685079e-01
   8.4693878e-01  -8.8928102e-01
   8.5714286e-01  -9.2404962e-01
   8.6734694e-01  -9.6102209e-01
   8.7755102e-01  -1.0001240e+00
   8.8775510e-01  -1.0413234e+00
   8.9795918e-01  -1.0846159e+00
   9.0816327e-01  -1.1300091e+00
   9.1836735e-01  -1.1771813e+00
   9.2857143e-01  -1.2216928e+00
   9.3877551e-01  -1.2615905e+00
   9.4897959e-01  -1.2962577e+00
   9.5918367e-01  -1.3251953e+00
   9.6938776e-01  -1.3480273e+00
   9.7959184e-01  -1.3644936e+00
   9.8979592e-01  -1.3744308e+00
   1.0000000e+00  -1.3777522e+00
