   0.0000000e+00   0.0000000e+00
   1.0204082e-02   2.1742826e-02
   2.0408163e-02   3.9049848e-02
   3.0612245e-02   6.1810862e-02
   4.0816327e-02   9.0404587e-02
   5.1020408e-02   1.2528352e-01
   6.1224490e-02   1.6695675e-01
   7.1428571e-02   2.1465361e-01
   8.1632653e-02   2.6435328e-01
   9.1836735e-02   3.1557454e-01
   1.0204082e-01   3.6810832e-01
   1.1224490e-01   4.2170596e-01
   1.2244898e-01   4.7608443e-01
   1.3265306e-01   5.3093415e-01
   1.4285714e-01   5.8592891e-01
   1.5306122e-01   6.4037326e-01
   1.6326531e-01   6.8927671e-01
   1.7346939e-01   7.3115189e-01
   1.8367347e-01   7.6610969e-01
   1.9387755e-01   7.9433101e-01
   2.0408163e-01   8.1601775e-01
   2.1428571e-01   8.3135714e-01
   2.2448980e-01   8.4049760e-01
   2.3469388e-01   8.4353364e-01
   2.4489796e-01   8.4292238e-01
   2.5510204e-01   8.4110567e-01
   2.6530612e-01   8.3813348e-01
   2.7551020e-01   8.3408545e-01
   2.8571429e-01   8.2906577e-01
   2.9591837e-01   8.2319692e-01
   3.0612245e-01   8.1661285e-01
   3.1632653e-01   8.0945229e-01
   3.2653061e-01   8.0204480e-01
   3.3673469e-01   7.9506489e-01
   3.4693878e-01   7.8851990e-01
   3.5714286e-01   7.8237093e-01
   3.6734694e-01   7.7658351e-01
   3.7755102e-01   7.7112701e-01
   3.8775510e-01   7.6597415e-01
   3.9795918e-01   7.6110052e-01
   4.0816327e-01   7.5651419e-01
   4.1836735e-01   7.5256188e-01
   4.2857143e-01   7.4928224e-01
   4.3877551e-01   7.4660673e-01
   4.4897959e-01   7.4448229e-01
   4.5918367e-01   7.4286857e-01
   4.6938776e-01   7.4173599e-01
   4.7959184e-01   7.4106429e-01
   4.8979592e-01   7.4084169e-01
   5.0000000e-01   7.3724419e-01
   5.1020408e-01   7.2630919e-01
   5.2040816e-01   7.0760098e-01
   5.3061224e-01   6.8036685e-01
   5.4081633e-01   6.4350111e-01
   5.5102041e-01   5.9550694e-01
   5.6122449e-01   5.3448026e-01
   5.7142857e-01   4.5816929e-01
   5.8163265e-01   3.6676517e-01
   5.9183673e-01   2.6779924e-01
   6.0204082e-01   1.6317044e-01
   6.1224490e-01   5.4823059e-02
   6.2244898e-01  -5.4823056e-02
   6.3265306e-01  -1.6317044e-01
   6.4285714e-01  -2.6779924e-01
   6.5306122e-01  -3.6676517e-01
   6.6326531e-01  -4.5816928e-01
   6.7346939e-01  -5.3448026e-01
   6.8367347e-01  -5.9550694e-01
   6.9387755e-01  -6.4350111e-01
   7.0408163e-01  -6.8036684e-01
   7.1428571e-01  -7.0760098e-01
   7.2448980e-01  -7.2630919e-01
   7.3469388e-01  -7.3724419e-01
   7.4489796e-01  -7.4084168e-01
   7.5510204e-01  -7.4106429e-01
   7.6530612e-01  -7.4173599e-01
   7.7551020e-01  -7.4286857e-01
   7.8571429e-01  -7.4448229e-01
   7.9591837e-01  -7.4660673e-01
   8.0612245e-01  -7.4928224e-01
   8.1632653e-01  -7.5256188e-01
   8.2653061e-01  -7.5651419e-01
   8.3673469e-01  -7.6110051e-01
   8.4693878e-01  -7.6597415e-01
   8.5714286e-01  -7.7112701e-01
   8.6734694e-01  -7.7658350e-01
   8.7755102e-01  -7.8237093e-01
   8.8775510e-01  -7.8851990e-01
   8.9795918e-01  -7.9506489e-01
   9.0816327e-01  -8.0204479e-01
   9.1836735e-01  -8.0945229e-01
   9.2857143e-01  -8.1661285e-01
   9.3877551e-01  -8.2319691e-01
   9.4897959e-01  -8.2906577e-01
   9.5918367e-01  -8.3408545e-01
   9.6938776e-01  -8.3813347e-01
   9.7959184e-01  -8.4110566e-01
   9.8979592e-01  -8.4292238e-01
   1.0000000e+00  -8.4353364e-01
