   0.0000000e+00   0.0000000e+00
   1.0204082e-02  -1.5490535e+00
   2.0408163e-02  -1.5317465e+00
   3.0612245e-02  -1.5089855e+00
   4.0816327e-02  -1.4803917e+00
   5.1020408e-02  -1.4455128e+00
   6.1224490e-02  -1.4038396e+00
   7.1428571e-02  -1.3561427e+00
   8.1632653e-02  -1.3064430e+00
   9.1836735e-02  -1.2552218e+00
   1.0204082e-01  -1.2026880e+00
   1.1224490e-01  -1.1490904e+00
   1.2244898e-01  -1.0947119e+00
   1.3265306e-01  -1.0398622e+00
   1.4285714e-01  -9.8486742e-01
   1.5306122e-01  -9.3042306e-01
   1.6326531e-01  -8.8151962e-01
   1.7346939e-01  -8.3964444e-01
   1.8367347e-01  -8.0468664e-01
   1.9387755e-01  -7.7646532e-01
   2.0408163e-01  -7.5477858e-01
   2.1428571e-01  -7.3943919e-01
   2.2448980e-01  -7.3029872e-01
   2.3469388e-01  -7.2726269e-01
   2.4489796e-01  -7.2787394e-01
   2.5510204e-01  -7.2969066e-01
   2.6530612e-01  -7.3266285e-01
   2.7551020e-01  -7.3671088e-01
   2.8571429e-01  -7.4173056e-01
   2.9591837e-01  -7.4759941e-01
   3.0612245e-01  -7.5418348e-01
   3.1632653e-01  -7.6134403e-01
   3.2653061e-01  -7.6875153e-01
   3.3673469e-01  -7.7573144e-01
   3.4693878e-01  -7.8227642e-01
   3.5714286e-01  -7.8842540e-01
   3.6734694e-01  -7.9421282e-01
   3.7755102e-01  -7.9966932e-01
   3.8775510e-01  -8.0482218e-01
   3.9795918e-01  -8.0969581e-01
   4.0816327e-01  -8.1428213e-01
   4.1836735e-01  -8.1823445e-01
   4.2857143e-01  -8.2151408e-01
   4.3877551e-01  -8.2418959e-01
   4.4897959e-01  -8.2631404e-01
   4.5918367e-01  -8.2792775e-01
   4.6938776e-01  -8.2906034e-01
   4.7959184e-01  -8.2973203e-01
   4.8979592e-01  -8.2995464e-01
   5.0000000e-01  -8.3355214e-01
   5.1020408e-01  -8.4448714e-01
   5.2040816e-01  -8.6319534e-01
   5.3061224e-01  -8.9042948e-01
   5.4081633e-01  -9.2729522e-01
   5.5102041e-01  -9.7528938e-01
   5.6122449e-01  -1.0363161e+00
   5.7142857e-01  -1.1126270e+00
   5.8163265e-01  -1.2040312e+00
   5.9183673e-01  -1.3029971e+00
   6.0204082e-01  -1.4076259e+00
   6.1224490e-01  -1.5159733e+00
   6.2244898e-01  -1.6256194e+00
   6.3265306e-01  -1.7339668e+00
   6.4285714e-01  -1.8385956e+00
   6.5306122e-01  -1.9375615e+00
   6.6326531e-01  -2.0289656e+00
   6.7346939e-01  -2.1052766e+00
   6.8367347e-01  -2.1663033e+00
   6.9387755e-01  -2.2142974e+00
   7.0408163e-01  -2.2511632e+00
   7.1428571e-01  -2.2783973e+00
   7.2448980e-01  -2.2971055e+00
   7.3469388e-01  -2.3080405e+00
   7.4489796e-01  -2.3116380e+00
   7.5510204e-01  -2.3118606e+00
   7.6530612e-01  -2.3125323e+00
   7.7551020e-01  -2.3136649e+00
   7.8571429e-01  -2.3152786e+00
   7.9591837e-01  -2.3174031e+00
   8.0612245e-01  -2.3200786e+00
   8.1632653e-01  -2.3233582e+00
   8.2653061e-01  -2.3273105e+00
   8.3673469e-01  -2.3318968e+00
   8.4693878e-01  -2.3367705e+00
   8.5714286e-01  -2.3419233e+00
   8.6734694e-01  -2.3473798e+00
   8.7755102e-01  -2.3531673e+00
   8.8775510e-01  -2.3593162e+00
   8.9795918e-01  -2.3658612e+00
   9.0816327e-01  -2.3728411e+00
   9.1836735e-01  -2.3802486e+00
   9.2857143e-01  -2.3874092e+00
   9.3877551e-01  -2.3939932e+00
   9.4897959e-01  -2.3998621e+00
   9.5918367e-01  -2.4048818e+00
   9.6938776e-01  -2.4089298e+00
   9.7959184e-01  -2.4119020e+00
   9.8979592e-01  -2.4137187e+00
   1.0000000e+00  -2.4143300e+00
