   0.0000000e+00   0.0000000e+00
   1.0204082e-02   5.1277153e-01
   2.0408163e-02   5.2057354e-01
   3.0612245e-02   5.3032414e-01
   4.0816327e-02   5.4186664e-01
   5.1020408e-02   5.5505851e-01
   6.1224490e-02   5.6979667e-01
   7.1428571e-02   5.8563604e-01
   8.1632653e-02   6.0134934e-01
   9.1836735e-02   6.1710137e-01
   1.0204082e-01   6.3322725e-01
   1.1224490e-01   6.5013811e-01
   1.2244898e-01   6.6832437e-01
   1.3265306e-01   6.8834203e-01
   1.4285714e-01   7.1077441e-01
   1.5306122e-01   7.3598478e-01
   1.6326531e-01   7.6168890e-01
   1.7346939e-01   7.8629158e-01
   1.8367347e-01   8.0878405e-01
   1.9387755e-01   8.2827120e-01
   2.0408163e-01   8.4405172e-01
   2.1428571e-01   8.5562998e-01
   2.2448980e-01   8.6269035e-01
   2.3469388e-01   8.6506172e-01
   2.4489796e-01   8.6499664e-01
   2.5510204e-01   8.6485485e-01
   2.6530612e-01   8.6479422e-01
   2.7551020e-01   8.6507001e-01
   2.8571429e-01   8.6602456e-01
   2.9591837e-01   8.6807611e-01
   3.0612245e-01   8.7170943e-01
   3.1632653e-01   8.7747203e-01
   3.2653061e-01   8.8573094e-01
   3.3673469e-01   8.9602720e-01
   3.4693878e-01   9.0831459e-01
   3.5714286e-01   9.2263053e-01
   3.6734694e-01   9.3904797e-01
   3.7755102e-01   9.5767719e-01
   3.8775510e-01   9.7866916e-01
   3.9795918e-01   1.0022208e+00
   4.0816327e-01   1.0283971e+00
   4.1836735e-01   1.0547653e+00
   4.2857143e-01   1.0798824e+00
   4.3877551e-01   1.1029518e+00
   4.4897959e-01   1.1231847e+00
   4.5918367e-01   1.1398370e+00
   4.6938776e-01   1.1522554e+00
   4.7959184e-01   1.1599266e+00
   4.8979592e-01   1.1625215e+00
   5.0000000e-01   1.1585970e+00
   5.1020408e-01   1.1467852e+00
   5.2040816e-01   1.1269264e+00
   5.3061224e-01   1.0986053e+00
   5.4081633e-01   1.0609125e+00
   5.5102041e-01   1.0120451e+00
   5.6122449e-01   9.4858673e-01
   5.7142857e-01   8.6410649e-01
   5.8163265e-01   7.4981647e-01
   5.9183673e-01   6.0113583e-01
   6.0204082e-01   4.0407111e-01
   6.1224490e-01   1.4796296e-01
   6.2244898e-01  -1.5546598e-01
   6.3265306e-01  -4.6155549e-01
   6.4285714e-01  -7.2399705e-01
   6.5306122e-01  -9.2864990e-01
   6.6326531e-01  -1.0843433e+00
   6.7346939e-01  -1.1967191e+00
   6.8367347e-01  -1.2795289e+00
   6.9387755e-01  -1.3427786e+00
   7.0408163e-01  -1.3917115e+00
   7.1428571e-01  -1.4289057e+00
   7.2448980e-01  -1.4554030e+00
   7.3469388e-01  -1.4714006e+00
   7.4489796e-01  -1.4767641e+00
   7.5510204e-01  -1.4712240e+00
   7.6530612e-01  -1.4549158e+00
   7.7551020e-01  -1.4287184e+00
   7.8571429e-01  -1.3939370e+00
   7.9591837e-01  -1.3521380e+00
   8.0612245e-01  -1.3050070e+00
   8.1632653e-01  -1.2542428e+00
   8.2653061e-01  -1.2014835e+00
   8.3673469e-01  -1.1495668e+00
   8.4693878e-01  -1.1031631e+00
   8.5714286e-01  -1.0619564e+00
   8.6734694e-01  -1.0254024e+00
   8.7755102e-01  -9.9307247e-01
   8.8775510e-01  -9.6463827e-01
   8.9795918e-01  -9.3986102e-01
   9.0816327e-01  -9.1858558e-01
   9.1836735e-01  -9.0084459e-01
   9.2857143e-01  -8.8769078e-01
   9.3877551e-01  -8.7857782e-01
   9.4897959e-01  -8.7257440e-01
   9.5918367e-01  -8.6886547e-01
   9.6938776e-01  -8.6675298e-01
   9.7959184e-01  -8.6566880e-01
   9.8979592e-01  -8.6519156e-01
   1.0000000e+00  -8.6506171e-01
